Objective:
4.818495871627511 hr
Routes:
26
Routes Summary:
0 196 4 128 175 7 16 62 91 194  
0 6 29 26 125 46 200 133  
0 117 24 13 118 77 53 142  
0 43 197 162 179 48 105 71  
0 195 186 145 155 165 183 143 193 109  
0 97 107 15 130 2 61 73 131 119  
0 140 134 154 98 135 59 17 51  
0 137 149 84 44 110 10 49 178  
0 60 87 169 129 168 115 116 132  
0 83 141 18 19  
0 45 171 21 187 152 99 20 156  
0 161 79 124 40 30 191 106 192  
0 23 63 163 158 174 3 144 153  
0 42 198 90 31  
0 35 167 25 66 39 146 38  
0 75 69 11 12 57 190 182 127  
0 180 74 52 55 72 80 112 54 101  
0 173 103 102 111 199 27 5 147 164  
0 58 14 47 138 176 104 122 113  
0 108 33 159 67 81 32 28  
0 22 139 185 114 65 76 64 85  
0 86 166 126 151 93 121 50 9  
0 68 170 94 1 100 82 150 92  
0 160 96 184 70 172 188  
0 189 89 41 136 37 88 95 157 148 78  
0 123 181 36 120 56 177 8 34  
The objective function was trapped in the optimal cost of 4.818495871627511 hours after 87 iterations.